run               spikes  rate Hz   ISI ms     CV diverges s       KS  count %
cpu_r1             59663  29.8315  19.7787 2.2112      never  0.00000   0.0000
g32_r1             62260  31.1300  18.9988 2.2317   0.002650  0.01475   4.3528
g64_r1             60367  30.1835  20.9616 2.2181   0.002650  0.01222   1.1800
pcell_r1           60350  30.1750  20.3748 2.2032   0.002350  0.00793   1.1515
sd1_r1             66292  33.1460  16.7361 2.1420   0.001600  0.03920  11.1107
sd2_r1             55434  27.7170  20.9007 2.1759   0.001600  0.03198  -7.0881
sd3_r1             54350  27.1750  22.9309 2.0998   0.001600  0.05408  -8.9050
sd4_r1             56557  28.2785  22.0307 2.0904   0.001600  0.04217  -5.2059
written: /storage2/home/kchlasta/fix-dev/cluster_bringup/logs/campaign_dry/E5_inf03_20261008_033406_spikes.csv
