run               spikes  rate Hz   ISI ms     CV diverges s       KS  count %
cpu_r1           1087089  27.1772  32.8432 4.6280      never  0.00000   0.0000
cpu_r2           1087089  27.1772  32.8432 4.6280      never  0.00000   0.0000
cpu_r3           1087089  27.1772  32.8432 4.6280      never  0.00000   0.0000
g32_r1           1083404  27.0851  32.8637 4.5067   0.002650  0.00284  -0.3390
g32_r2           1083404  27.0851  32.8637 4.5067   0.002650  0.00284  -0.3390
g32_r3           1083404  27.0851  32.8637 4.5067   0.002650  0.00284  -0.3390
g64_r1           1096922  27.4230  32.5194 4.6246   0.002650  0.00152   0.9045
g64_r2           1096922  27.4230  32.5194 4.6246   0.002650  0.00152   0.9045
g64_r3           1096922  27.4230  32.5194 4.6246   0.002650  0.00152   0.9045
pcell_r1         1079147  26.9787  33.4198 4.6795   0.002350  0.00622  -0.7306
sd1_r1           1168708  29.2177  29.2310 5.0663   0.001600  0.03328   7.5080
sd2_r1           1029503  25.7376  35.1830 4.4689   0.001600  0.02092  -5.2973
sd3_r1            984729  24.6182  37.5766 4.2481   0.001600  0.04900  -9.4160
sd4_r1            997945  24.9486  36.4391 4.2530   0.001600  0.03739  -8.2002
written: /storage2/home/kchlasta/campaign-dry-inf03/cluster_bringup/logs/campaign_v2.6.0-rc3/E5_inf03_20261008_205313_spikes.csv
